



function F = invlap_LE(lambda)                    
           F = -2988668208704673985655949./4768371582031250000000000000000000000000000000*(-lambda-833/5000).*(lambda+833/5000).^2.*(22491/3125000*lambda+18735003/15625000000)./(32715452417733/39062500000000000000*lambda.^3+671853215562515667/7812500000000000000000000*lambda.^2+19982901805382513151/19531250000000000000000000000*lambda+1679524227/781250000000000*lambda.^4+29462563010284088643/195312500000000000000000000000000)./(9477009110070243/305175781250000000000000+68808064253103/390625000000000000*lambda.^2+805605129/976562500000*lambda.^3+11895073859480301/976562500000000000000*lambda+18735003/15625000000*lambda.^4)./(lambda.^2+941/5000*lambda+729/1562500)./(lambda+159/100000);
 