 



function F = invlap_LI(lambda)                    
         
F = -872270343/10000000000000000000*(-729/1562500000*lambda.^2-1372707/15625000000000*lambda-17613369/78125000000000000)./(939827/125000000*lambda.^3+217/10000*lambda.^4+62328264857/100000000000000*lambda.^2+6203370703511/1000000000000000000*lambda+132546690297/5000000000000000000000)./(lambda.^3+1893/10000*lambda.^2+33571/50000000*lambda+729/1562500000)./(lambda+159/100000);
 

%F =  -4019679./1000000000000000*(-217./10000*lambda.^2-408611./100000000*lambda-5242937./500000000000)./(939827/125000000*lambda.^3+217/10000*lambda.^4+62328264857/100000000000000*lambda.^2+6203370703511./1000000000000000000*lambda+132546690297./5000000000000000000000)./(lambda+159./100000);
           
